   0      0
  16      0
  32      0
  48      0
  64      0
  80      0
  96      5
 112     10
 128     15
 144     20
 160     25
 176     30
 192     35
 208     40
 224     45
 240     50
 256     55
 272     60
 288     65
 304     70
 320     75
 336     80
 352    103
 368    124
 384    145
 400    166
 416    187
 432    208
 448    229
 464    250
 480    271
 496    292
 512    313
 528    334
 544    355
 560    376
 576    397
 592    418
 608    449
 624    477
 640    505
 656    533
 672    561
 688    589
 704    617
 720    645
 736    673
 752    701
 768    729
 784    757
 800    785
 816    813
 832    841
 848    869
 864    908
 880    938
 896    968
 912    998
 928   1028
 944   1058
 960   1088
 976   1118
 992   1148
1008   1178
1024   1208
1040   1238
1056   1268
1072   1298
1088   1328
1104   1358
1120   1401
1136   1429
1152   1457
1168   1485
1184   1513
1200   1541
1216   1569
1232   1597
1248   1625
1264   1653
1280   1681
1296   1709
1312   1737
1328   1765
1344   1793
1360   1821
1376   1847
1392   1868
1408   1889
1424   1910
1440   1931
1456   1952
1472   1973
1488   1994
1504   2015
1520   2036
1536   2057
1552   2078
1568   2099
1584   2120
1600   2141
1616   2162
1632   2176
1648   2189
1664   2202
1680   2215
1696   2228
1712   2241
1728   2254
1744   2267
1760   2280
1776   2293
1792   2306
1808   2319
1824   2332
1840   2345
1856   2358
1872   2371
1888   2382
1904   2389
1920   2396
1936   2403
1952   2410
1968   2417
1984   2424
2000   2431
2016   2438
2032   2445
2048   2452
2064   2459
2080   2466
2096   2473
2112   2480
2128   2487
2144   2494
2160   2497
2176   2500
2192   2503
2208   2506
2224   2509
2240   2512
2256   2515
2272   2518
2288   2521
2304   2524
2320   2527
2336   2530
2352   2533
2368   2536
2384   2539
2400   2547
2416   2548
2432   2549
2448   2550
2464   2551
2480   2552
2496   2553
2512   2554
2528   2555
2544   2556
2560   2557
2576   2558
2592   2559
2608   2560
2624   2561
2640   2562
2656   2571
2672   2572
2688   2573
2704   2574
2720   2575
2736   2576
2752   2577
2768   2578
2784   2579
2800   2580
2816   2581
2832   2582
2848   2583
2864   2584
2880   2585
2896   2586
2912   2599
2928   2602
2944   2605
2960   2608
2976   2611
2992   2614
3008   2617
3024   2620
3040   2623
3056   2626
3072   2629
3088   2632
3104   2635
3120   2638
3136   2641
3152   2644
3168   2663
3184   2670
3200   2677
3216   2684
3232   2691
3248   2698
3264   2705
3280   2712
3296   2719
3312   2726
3328   2733
3344   2740
3360   2747
3376   2754
3392   2761
3408   2768
3424   2797
3440   2811
3456   2825
3472   2839
3488   2853
3504   2867
3520   2881
3536   2895
3552   2909
3568   2923
3584   2937
3600   2951
3616   2965
3632   2979
3648   2993
3664   3007
3680   3031
3696   3053
3712   3075
3728   3097
3744   3119
3760   3141
3776   3163
3792   3185
3808   3207
3824   3229
3840   3251
3856   3273
3872   3295
3888   3317
3904   3339
3920   3361
3936   3397
3952   3429
3968   3461
3984   3493
4000   3525
4016   3557
4032   3589
4048   3621
4064   3653
4080   3685
   0   3717
   0   3749
   0   3781
   0   3813
